(
    {
        'snd': 92925,
        'snd-data': 9292500,
        'rcv-data': 9292500,
        'new': 10000,
        'rcv': 92925
    },
    {
        'snd': [
            (1550974098554.631, 46578),
            (1550974099615.881, 36498),
            (1550974101666.426, 6322),
            (1550974105762.542, 2457),
            (1550974108672.244, 550),
            (1550974109696.141, 435),
            (1550974110752.119, 2),
            (1550974111775.508, 68),
            (1550974115874.361, 15)
        ],
        'snd-data': [
            (1550974098554.631, 4657800),
            (1550974099615.881, 3649800),
            (1550974101666.426, 632200),
            (1550974105762.542, 245700),
            (1550974108672.244, 55000),
            (1550974109696.141, 43500),
            (1550974110752.119, 200),
            (1550974111775.508, 6800),
            (1550974115874.361, 1500)
        ],
        'rcv-data': [
            (1550974098554.631, 4657800),
            (1550974099615.881, 3649800),
            (1550974101666.426, 632200),
            (1550974105762.542, 245700),
            (1550974108672.244, 55000),
            (1550974109696.141, 43500),
            (1550974110752.119, 200),
            (1550974111775.508, 6800),
            (1550974115874.361, 1500)
        ],
        'new': [
            (1550974098554.631, 5075),
            (1550974099615.881, 3978),
            (1550974101666.426, 688),
            (1550974105762.542, 259),
            (1550974108672.244, 0),
            (1550974109696.141, 0),
            (1550974110752.119, 0),
            (1550974111775.508, 0),
            (1550974115874.361, 0)
        ],
        'rcv': [
            (1550974098554.631, 46578),
            (1550974099615.881, 36498),
            (1550974101666.426, 6322),
            (1550974105762.542, 2457),
            (1550974108672.244, 550),
            (1550974109696.141, 435),
            (1550974110752.119, 2),
            (1550974111775.508, 68),
            (1550974115874.361, 15)
        ]
    }
)