(
    {
        'rcv-data': 938200, 'new': 1000, 'snd-data': 938200, 'rcv': 9382, 'snd': 9382
    },
    {
        'rcv-data': [(1550979462417.975, 911200), (1550979463448.55, 19000), (1550979472484.407, 8000)],
        'new': [(1550979462417.975, 981), (1550979463448.55, 19), (1550979472484.407, 0)],
        'snd-data': [(1550979462417.975, 911200), (1550979463448.55, 19000), (1550979472484.407, 8000)],
        'rcv': [(1550979462417.975, 9112), (1550979463448.55, 190), (1550979472484.407, 80)],
        'snd': [(1550979462417.975, 9112), (1550979463448.55, 190), (1550979472484.407, 80)]
    }
)