(
    {
        'new': 9347,
        'rcv': 6725870,
        'snd': 6725870,
        'rcv-data': 672587000,
        'snd-data': 672587000
    }, 
    {
        'new': [
            (1550979904787.836, 4450),
            (1550979905787.869, 3030),
            (1550979906787.87, 121),
            (1550979907787.871, 787),
            (1550979908787.872, 86),
            (1550979909787.994, 0),
            (1550979910787.995, 53),
            (1550979911787.996, 282),
            (1550979912787.998, 22),
            (1550979913787.999, 67),
            (1550979914788.0, 36),
            (1550979915788.002, 0),
            (1550979916788.083, 0),
            (1550979918040.54, 30),
            (1550979919292.469, 0),
            (1550979920417.326, 383),
            (1550979921624.482, 0),
            (1550979930655.756, 0)
        ],
        'rcv': [
            (1550979904787.836, 511279),
            (1550979905787.869, 585044),
            (1550979906787.87, 588776),
            (1550979907787.871, 586794),
            (1550979908787.872, 592370),
            (1550979909787.994, 588282),
            (1550979910787.995, 586335),
            (1550979911787.996, 585280),
            (1550979912787.998, 582348),
            (1550979913787.999, 564281),
            (1550979914788.0, 469094),
            (1550979915788.002, 81665),
            (1550979916788.083, 838),
            (1550979918040.54, 30204),
            (1550979919292.469, 207),
            (1550979920417.326, 373001),
            (1550979921624.482, 62),
            (1550979930655.756, 10)
        ],
        'snd': [
            (1550979904787.836, 511276),
            (1550979905787.869, 585046),
            (1550979906787.87, 588774),
            (1550979907787.871, 586796),
            (1550979908787.872, 592368),
            (1550979909787.994, 588284),
            (1550979910787.995, 586335),
            (1550979911787.996, 585278),
            (1550979912787.998, 582348),
            (1550979913787.999, 564282),
            (1550979914788.0, 469095),
            (1550979915788.002, 81666),
            (1550979916788.083, 838),
            (1550979918040.54, 30204),
            (1550979919292.469, 207),
            (1550979920417.326, 373001),
            (1550979921624.482, 62),
            (1550979930655.756, 10)
        ],
        'rcv-data': [
            (1550979904787.836, 51127900),
            (1550979905787.869, 58504400),
            (1550979906787.87, 58877600),
            (1550979907787.871, 58679400),
            (1550979908787.872, 59237000),
            (1550979909787.994, 58828200),
            (1550979910787.995, 58633500),
            (1550979911787.996, 58528000),
            (1550979912787.998, 58234800),
            (1550979913787.999, 56428100),
            (1550979914788.0, 46909400),
            (1550979915788.002, 8166500),
            (1550979916788.083, 83800),
            (1550979918040.54, 3020400),
            (1550979919292.469, 20700),
            (1550979920417.326, 37300100),
            (1550979921624.482, 6200),
            (1550979930655.756, 1000)
        ],
        'snd-data': [
            (1550979904787.836, 51127600),
            (1550979905787.869, 58504600),
            (1550979906787.87, 58877400),
            (1550979907787.871, 58679600),
            (1550979908787.872, 59236800),
            (1550979909787.994, 58828400),
            (1550979910787.995, 58633500),
            (1550979911787.996, 58527800),
            (1550979912787.998, 58234800),
            (1550979913787.999, 56428200),
            (1550979914788.0, 46909500),
            (1550979915788.002, 8166600),
            (1550979916788.083, 83800),
            (1550979918040.54, 3020400),
            (1550979919292.469, 20700),
            (1550979920417.326, 37300100),
            (1550979921624.482, 6200),
            (1550979930655.756, 1000)
        ]
    }
)