(
    {
        'rcv': 22029336,
        'snd-data': 2202933600,
        'snd': 22029336,
        'new': 29054,
        'rcv-data': 2202933600
    },
    {
        'rcv': [
            (1550980020920.555, 480682),
            (1550980021920.556, 531184),
            (1550980022920.558, 556720),
            (1550980023920.559, 552934),
            (1550980024920.56, 566060),
            (1550980025920.561, 572763),
            (1550980026920.562, 580285),
            (1550980027920.564, 563125),
            (1550980028920.565, 573243),
            (1550980029920.566, 576796),
            (1550980030920.567, 535606),
            (1550980031920.568, 536106),
            (1550980032920.575, 543441),
            (1550980033920.576, 472956),
            (1550980034920.577, 539986),
            (1550980035920.578, 559287),
            (1550980036920.579, 557452),
            (1550980037920.58, 552158),
            (1550980038920.581, 566144),
            (1550980039920.583, 552560),
            (1550980040920.584, 547818),
            (1550980041920.585, 565845),
            (1550980042920.586, 564227),
            (1550980043920.588, 563065),
            (1550980044920.589, 566051),
            (1550980045920.59, 559090),
            (1550980046920.591, 560992),
            (1550980047920.592, 556972),
            (1550980048920.593, 563173),
            (1550980049920.594, 541717),
            (1550980050920.595, 563526),
            (1550980051920.596, 552186),
            (1550980052920.6, 533064),
            (1550980053920.601, 503867),
            (1550980054920.602, 526252),
            (1550980055920.603, 516985),
            (1550980056920.604, 505456),
            (1550980057920.606, 428612),
            (1550980058920.607, 536448),
            (1550980059920.608, 427804),
            (1550980060920.609, 302522),
            (1550980061920.61, 72157),
            (1550980063164.306, 11),
            (1550980064767.301, 1),
            (1550980066847.319, 2),
            (1550980072447.306, 1),
            (1550980076577.322, 3),
            (1550980082175.284, 1),
            (1550980084769.545, 2000)
        ],
        'snd-data': [
            (1550980020920.555, 48068000),
            (1550980021920.556, 53118400),
            (1550980022920.558, 55672100),
            (1550980023920.559, 55293400),
            (1550980024920.56, 56606100),
            (1550980025920.561, 57276100),
            (1550980026920.562, 58028500),
            (1550980027920.564, 56312500),
            (1550980028920.565, 57324200),
            (1550980029920.566, 57679600),
            (1550980030920.567, 53560800),
            (1550980031920.568, 53610500),
            (1550980032920.575, 54343900),
            (1550980033920.576, 47295900),
            (1550980034920.577, 53998600),
            (1550980035920.578, 55928700),
            (1550980036920.579, 55745200),
            (1550980037920.58, 55215900),
            (1550980038920.581, 56614200),
            (1550980039920.583, 55256000),
            (1550980040920.584, 54781800),
            (1550980041920.585, 56584500),
            (1550980042920.586, 56422800),
            (1550980043920.588, 56306400),
            (1550980044920.589, 56605100),
            (1550980045920.59, 55908900),
            (1550980046920.591, 56099300),
            (1550980047920.592, 55697100),
            (1550980048920.593, 56317400),
            (1550980049920.594, 54171600),
            (1550980050920.595, 56352600),
            (1550980051920.596, 55218700),
            (1550980052920.6, 53306400),
            (1550980053920.601, 50386600),
            (1550980054920.602, 52625300),
            (1550980055920.603, 51698500),
            (1550980056920.604, 50545600),
            (1550980057920.606, 42861300),
            (1550980058920.607, 53644500),
            (1550980059920.608, 42780700),
            (1550980060920.609, 30252200),
            (1550980061920.61, 7215800),
            (1550980063164.306, 1100),
            (1550980064767.301, 100),
            (1550980066847.319, 200),
            (1550980072447.306, 100),
            (1550980076577.322, 300),
            (1550980082175.284, 100),
            (1550980084769.545, 200000)
        ],
        'snd': [
            (1550980020920.555, 480680),
            (1550980021920.556, 531184),
            (1550980022920.558, 556721),
            (1550980023920.559, 552934),
            (1550980024920.56, 566061),
            (1550980025920.561, 572761),
            (1550980026920.562, 580285),
            (1550980027920.564, 563125),
            (1550980028920.565, 573242),
            (1550980029920.566, 576796),
            (1550980030920.567, 535608),
            (1550980031920.568, 536105),
            (1550980032920.575, 543439),
            (1550980033920.576, 472959),
            (1550980034920.577, 539986),
            (1550980035920.578, 559287),
            (1550980036920.579, 557452),
            (1550980037920.58, 552159),
            (1550980038920.581, 566142),
            (1550980039920.583, 552560),
            (1550980040920.584, 547818),
            (1550980041920.585, 565845),
            (1550980042920.586, 564228),
            (1550980043920.588, 563064),
            (1550980044920.589, 566051),
            (1550980045920.59, 559089),
            (1550980046920.591, 560993),
            (1550980047920.592, 556971),
            (1550980048920.593, 563174),
            (1550980049920.594, 541716),
            (1550980050920.595, 563526),
            (1550980051920.596, 552187),
            (1550980052920.6, 533064),
            (1550980053920.601, 503866),
            (1550980054920.602, 526253),
            (1550980055920.603, 516985),
            (1550980056920.604, 505456),
            (1550980057920.606, 428613),
            (1550980058920.607, 536445),
            (1550980059920.608, 427807),
            (1550980060920.609, 302522),
            (1550980061920.61, 72158),
            (1550980063164.306, 11),
            (1550980064767.301, 1),
            (1550980066847.319, 2),
            (1550980072447.306, 1),
            (1550980076577.322, 3),
            (1550980082175.284, 1),
            (1550980084769.545, 2000)
        ], 
        'new': [
            (1550980020920.555, 15302),
            (1550980021920.556, 7523),
            (1550980022920.558, 303),
            (1550980023920.559, 3014),
            (1550980024920.56, 303),
            (1550980025920.561, 0),
            (1550980026920.562, 103),
            (1550980027920.564, 1634),
            (1550980028920.565, 102),
            (1550980029920.566, 49),
            (1550980030920.567, 68),
            (1550980031920.568, 0),
            (1550980032920.575, 0),
            (1550980033920.576, 4),
            (1550980034920.577, 5),
            (1550980035920.578, 215),
            (1550980036920.579, 69),
            (1550980037920.58, 24),
            (1550980038920.581, 7),
            (1550980039920.583, 7),
            (1550980040920.584, 7),
            (1550980041920.585, 7),
            (1550980042920.586, 7),
            (1550980043920.588, 0),
            (1550980044920.589, 0),
            (1550980045920.59, 0),
            (1550980046920.591, 0),
            (1550980047920.592, 3),
            (1550980048920.593, 0),
            (1550980049920.594, 11),
            (1550980050920.595, 0),
            (1550980051920.596, 2),
            (1550980052920.6, 261),
            (1550980053920.601, 13),
            (1550980054920.602, 0),
            (1550980055920.603, 2),
            (1550980056920.604, 0),
            (1550980057920.606, 0),
            (1550980058920.607, 0),
            (1550980059920.608, 0),
            (1550980060920.609, 0),
            (1550980061920.61, 0),
            (1550980063164.306, 5),
            (1550980064767.301, 0),
            (1550980066847.319, 0),
            (1550980072447.306, 0),
            (1550980076577.322, 2),
            (1550980082175.284, 0),
            (1550980084769.545, 2)
        ], 
        'rcv-data': [
            (1550980020920.555, 48068200),
            (1550980021920.556, 53118400),
            (1550980022920.558, 55672000),
            (1550980023920.559, 55293400),
            (1550980024920.56, 56606000),
            (1550980025920.561, 57276300),
            (1550980026920.562, 58028500),
            (1550980027920.564, 56312500),
            (1550980028920.565, 57324300),
            (1550980029920.566, 57679600),
            (1550980030920.567, 53560600),
            (1550980031920.568, 53610600),
            (1550980032920.575, 54344100),
            (1550980033920.576, 47295600),
            (1550980034920.577, 53998600),
            (1550980035920.578, 55928700),
            (1550980036920.579, 55745200),
            (1550980037920.58, 55215800),
            (1550980038920.581, 56614400),
            (1550980039920.583, 55256000),
            (1550980040920.584, 54781800),
            (1550980041920.585, 56584500),
            (1550980042920.586, 56422700),
            (1550980043920.588, 56306500),
            (1550980044920.589, 56605100),
            (1550980045920.59, 55909000),
            (1550980046920.591, 56099200),
            (1550980047920.592, 55697200),
            (1550980048920.593, 56317300),
            (1550980049920.594, 54171700),
            (1550980050920.595, 56352600),
            (1550980051920.596, 55218600),
            (1550980052920.6, 53306400),
            (1550980053920.601, 50386700),
            (1550980054920.602, 52625200),
            (1550980055920.603, 51698500),
            (1550980056920.604, 50545600),
            (1550980057920.606, 42861200),
            (1550980058920.607, 53644800),
            (1550980059920.608, 42780400),
            (1550980060920.609, 30252200),
            (1550980061920.61, 7215700),
            (1550980063164.306, 1100),
            (1550980064767.301, 100),
            (1550980066847.319, 200),
            (1550980072447.306, 100),
            (1550980076577.322, 300),
            (1550980082175.284, 100),
            (1550980084769.545, 200000)
        ]
    }
)