(
    {
        'new': 30000,
        'snd-data': 28200400,
        'rcv': 282004,
        'snd': 282004,
        'rcv-data': 28200400
    },
    {
        'new': [
            (1550979134522.392, 12841),
            (1550979135543.384, 12040),
            (1550979136599.363, 51),
            (1550979137764.608, 3601),
            (1550979141856.218, 959),
            (1550979144726.089, 0),
            (1550979145749.922, 0),
            (1550979146751.535, 0),
            (1550979147876.519, 0),
            (1550979149924.39, 509),
            (1550979151903.742, 0),
            (1550979160164.523, 0)
        ],
        'snd-data': [
            (1550979134522.392, 11780900),
            (1550979135543.384, 11033000),
            (1550979136599.363, 323400),
            (1550979137764.608, 3395000), 
            (1550979141856.218, 924600),
            (1550979144726.089, 137400),
            (1550979145749.922, 85300),
            (1550979146751.535, 100),
            (1550979147876.519, 23000),
            (1550979149924.39, 492000),
            (1550979151903.742, 4000),
            (1550979160164.523, 1700)
        ],
        'rcv': [
            (1550979134522.392, 117809),
            (1550979135543.384, 110330),
            (1550979136599.363, 3234),
            (1550979137764.608, 33950),
            (1550979141856.218, 9246),
            (1550979144726.089, 1374),
            (1550979145749.922, 853),
            (1550979146751.535, 1),
            (1550979147876.519, 230),
            (1550979149924.39, 4920),
            (1550979151903.742, 40),
            (1550979160164.523, 17)
        ],
        'snd': [
            (1550979134522.392, 117809),
            (1550979135543.384, 110330),
            (1550979136599.363, 3234),
            (1550979137764.608, 33950),
            (1550979141856.218, 9246),
            (1550979144726.089, 1374),
            (1550979145749.922, 853),
            (1550979146751.535, 1),
            (1550979147876.519, 230),
            (1550979149924.39, 4920),
            (1550979151903.742, 40),
            (1550979160164.523, 17)
        ],
        'rcv-data': [
            (1550979134522.392, 11780900),
            (1550979135543.384, 11033000),
            (1550979136599.363, 323400), 
            (1550979137764.608, 3395000),
            (1550979141856.218, 924600),
            (1550979144726.089, 137400),
            (1550979145749.922, 85300),
            (1550979146751.535, 100),
            (1550979147876.519, 23000),
            (1550979149924.39, 492000),
            (1550979151903.742, 4000),
            (1550979160164.523, 1700)
        ]
    }
)