(
    {
        'rcv-data': 36024000, 'snd': 360240, 'snd-data': 36024000, 'new': 999, 'rcv': 360240
    },
    {
        'rcv-data': [(1550979662924.465, 13871000), (1550979663958.259, 22086500), (1550979673087.902, 59700), (1550979674111.67, 6800)],
        'snd': [(1550979662924.465, 138710), (1550979663958.259, 220865), (1550979673087.902, 597), (1550979674111.67, 68)],
        'snd-data': [(1550979662924.465, 13871000), (1550979663958.259, 22086500), (1550979673087.902, 59700), (1550979674111.67, 6800)],
        'new': [(1550979662924.465, 706), (1550979663958.259, 293), (1550979673087.902, 0), (1550979674111.67, 0)],
        'rcv': [(1550979662924.465, 138710), (1550979663958.259, 220865), (1550979673087.902, 597), (1550979674111.67, 68)]
    }
)
