./logs/server-logs/epoll-1000-10.log
total:
{
  "new":1000,
  "rcv":9374,
  "snd":9374
}
count:
{
  "new":[
    [
      1551215001541.475,
      733
    ],
    [
      1551215002568.498,
      267
    ]
  ],
  "rcv":[
    [
      1551215001541.475,
      6750
    ],
    [
      1551215002568.498,
      2510
    ],
    [
      1551215011612.567,
      98
    ],
    [
      1551215012689.494,
      16
    ]
  ],
  "snd":[
    [
      1551215001541.475,
      6750
    ],
    [
      1551215002568.498,
      2510
    ],
    [
      1551215011612.567,
      98
    ],
    [
      1551215012689.494,
      16
    ]
  ]
}



./logs/server-logs/epoll-1000-1000.log
total:
{
  "new":1000,
  "rcv":350363,
  "snd":350363
}
count:
{
  "new":[
    [
      1551216060373.26,
      919
    ],
    [
      1551216061453.913,
      81
    ]
  ],
  "rcv":[
    [
      1551216060373.26,
      271490
    ],
    [
      1551216061453.913,
      78066
    ],
    [
      1551216070541.613,
      796
    ],
    [
      1551216071565.593,
      11
    ]
  ],
  "snd":[
    [
      1551216060373.26,
      271490
    ],
    [
      1551216061453.913,
      78066
    ],
    [
      1551216070541.613,
      796
    ],
    [
      1551216071565.593,
      11
    ]
  ]
}



./logs/server-logs/epoll-10000-10.log
total:
{
  "new":10000,
  "rcv":92087,
  "snd":92087
}
count:
{
  "new":[
    [
      1551215288493.676,
      5836
    ],
    [
      1551215289549.38,
      3873
    ],
    [
      1551215291301.838,
      291
    ]
  ],
  "rcv":[
    [
      1551215288493.676,
      50987
    ],
    [
      1551215289549.38,
      36840
    ],
    [
      1551215291301.838,
      2878
    ],
    [
      1551215298662.084,
      1112
    ],
    [
      1551215299686.055,
      267
    ],
    [
      1551215301964.131,
      3
    ]
  ],
  "snd":[
    [
      1551215288493.676,
      50987
    ],
    [
      1551215289549.38,
      36840
    ],
    [
      1551215291301.838,
      2878
    ],
    [
      1551215298662.084,
      1112
    ],
    [
      1551215299686.055,
      267
    ],
    [
      1551215301964.131,
      3
    ]
  ]
}



./logs/server-logs/epoll-10000-1000.log
total:
{
  "new":9232,
  "rcv":6565501,
  "snd":6565501
}
count:
{
  "new":[
    [
      1551215545652.229,
      4889
    ],
    [
      1551215546652.23,
      2627
    ],
    [
      1551215547652.232,
      83
    ],
    [
      1551215548652.233,
      420
    ],
    [
      1551215549652.235,
      124
    ],
    [
      1551215551652.237,
      77
    ],
    [
      1551215552652.239,
      687
    ],
    [
      1551215553652.24,
      42
    ],
    [
      1551215554652.241,
      37
    ],
    [
      1551215555652.279,
      9
    ],
    [
      1551215559432.888,
      7
    ],
    [
      1551215560476.233,
      230
    ]
  ],
  "rcv":[
    [
      1551215545652.229,
      542180
    ],
    [
      1551215546652.23,
      578393
    ],
    [
      1551215547652.232,
      590124
    ],
    [
      1551215548652.233,
      591465
    ],
    [
      1551215549652.235,
      593935
    ],
    [
      1551215550652.236,
      593965
    ],
    [
      1551215551652.237,
      589853
    ],
    [
      1551215552652.239,
      592220
    ],
    [
      1551215553652.24,
      596245
    ],
    [
      1551215554652.241,
      586236
    ],
    [
      1551215555652.279,
      477782
    ],
    [
      1551215556652.296,
      8644
    ],
    [
      1551215557733.959,
      1828
    ],
    [
      1551215559432.888,
      7031
    ],
    [
      1551215560476.233,
      152148
    ],
    [
      1551215561476.234,
      63114
    ],
    [
      1551215562524.434,
      124
    ],
    [
      1551215563548.451,
      197
    ],
    [
      1551215571276.025,
      17
    ]
  ],
  "snd":[
    [
      1551215545652.229,
      542176
    ],
    [
      1551215546652.23,
      578396
    ],
    [
      1551215547652.232,
      590124
    ],
    [
      1551215548652.233,
      591465
    ],
    [
      1551215549652.235,
      593935
    ],
    [
      1551215550652.236,
      593964
    ],
    [
      1551215551652.237,
      589853
    ],
    [
      1551215552652.239,
      592219
    ],
    [
      1551215553652.24,
      596246
    ],
    [
      1551215554652.241,
      586237
    ],
    [
      1551215555652.279,
      477783
    ],
    [
      1551215556652.296,
      8644
    ],
    [
      1551215557733.959,
      1828
    ],
    [
      1551215559432.888,
      7031
    ],
    [
      1551215560476.233,
      152147
    ],
    [
      1551215561476.234,
      63115
    ],
    [
      1551215562524.434,
      124
    ],
    [
      1551215563548.451,
      197
    ],
    [
      1551215571276.025,
      17
    ]
  ]
}



./logs/server-logs/epoll-30000-10.log
total:
{
  "new":30000,
  "rcv":279921,
  "snd":279921
}
count:
{
  "new":[
    [
      1551216199786.477,
      16008
    ],
    [
      1551216200841.781,
      9042
    ],
    [
      1551216202533.725,
      2918
    ],
    [
      1551216203784.924,
      43
    ],
    [
      1551216206985.31,
      1511
    ],
    [
      1551216208651.816,
      7
    ],
    [
      1551216215372.701,
      471
    ]
  ],
  "rcv":[
    [
      1551216199786.477,
      144510
    ],
    [
      1551216200841.781,
      85153
    ],
    [
      1551216202533.725,
      28013
    ],
    [
      1551216203784.924,
      430
    ],
    [
      1551216206985.31,
      14327
    ],
    [
      1551216208651.816,
      70
    ],
    [
      1551216210021.84,
      2297
    ],
    [
      1551216211045.795,
      648
    ],
    [
      1551216213093.901,
      129
    ],
    [
      1551216215372.701,
      4200
    ],
    [
      1551216217224.38,
      93
    ],
    [
      1551216225611.926,
      51
    ]
  ],
  "snd":[
    [
      1551216199786.477,
      144510
    ],
    [
      1551216200841.781,
      85153
    ],
    [
      1551216202533.725,
      28013
    ],
    [
      1551216203784.924,
      430
    ],
    [
      1551216206985.31,
      14327
    ],
    [
      1551216208651.816,
      70
    ],
    [
      1551216210021.84,
      2297
    ],
    [
      1551216211045.795,
      648
    ],
    [
      1551216213093.901,
      129
    ],
    [
      1551216215372.701,
      4200
    ],
    [
      1551216217224.38,
      93
    ],
    [
      1551216225611.926,
      51
    ]
  ]
}



./logs/server-logs/epoll-30000-1000.log
total:
{
  "new":29892,
  "rcv":21164004,
  "snd":21164004
}
count:
{
  "new":[
    [
      1551216602041.12,
      19286
    ],
    [
      1551216603041.121,
      6142
    ],
    [
      1551216604041.122,
      249
    ],
    [
      1551216605041.123,
      2446
    ],
    [
      1551216606041.128,
      149
    ],
    [
      1551216607041.13,
      13
    ],
    [
      1551216608041.131,
      79
    ],
    [
      1551216609041.132,
      1106
    ],
    [
      1551216610041.133,
      42
    ],
    [
      1551216611041.135,
      18
    ],
    [
      1551216612041.136,
      43
    ],
    [
      1551216615041.139,
      8
    ],
    [
      1551216616041.146,
      5
    ],
    [
      1551216617041.147,
      146
    ],
    [
      1551216618041.148,
      84
    ],
    [
      1551216619041.15,
      13
    ],
    [
      1551216620041.151,
      5
    ],
    [
      1551216621041.152,
      10
    ],
    [
      1551216624041.156,
      33
    ],
    [
      1551216631041.164,
      5
    ],
    [
      1551216633041.166,
      8
    ],
    [
      1551216634041.168,
      2
    ]
  ],
  "rcv":[
    [
      1551216602041.12,
      448074
    ],
    [
      1551216603041.121,
      521770
    ],
    [
      1551216604041.122,
      550001
    ],
    [
      1551216605041.123,
      532474
    ],
    [
      1551216606041.128,
      555029
    ],
    [
      1551216607041.13,
      567924
    ],
    [
      1551216608041.131,
      564388
    ],
    [
      1551216609041.132,
      541519
    ],
    [
      1551216610041.133,
      573710
    ],
    [
      1551216611041.135,
      564595
    ],
    [
      1551216612041.136,
      504427
    ],
    [
      1551216613041.137,
      506667
    ],
    [
      1551216614041.138,
      535923
    ],
    [
      1551216615041.139,
      534423
    ],
    [
      1551216616041.146,
      534233
    ],
    [
      1551216617041.147,
      540669
    ],
    [
      1551216618041.148,
      535360
    ],
    [
      1551216619041.15,
      531721
    ],
    [
      1551216620041.151,
      529782
    ],
    [
      1551216621041.152,
      539221
    ],
    [
      1551216622041.154,
      547952
    ],
    [
      1551216623041.155,
      541891
    ],
    [
      1551216624041.156,
      539996
    ],
    [
      1551216625041.158,
      541032
    ],
    [
      1551216626041.159,
      441758
    ],
    [
      1551216627041.16,
      539501
    ],
    [
      1551216628041.161,
      534310
    ],
    [
      1551216629041.162,
      546031
    ],
    [
      1551216630041.163,
      549280
    ],
    [
      1551216631041.164,
      555604
    ],
    [
      1551216632041.165,
      564471
    ],
    [
      1551216633041.166,
      562801
    ],
    [
      1551216634041.168,
      558569
    ],
    [
      1551216635041.169,
      556363
    ],
    [
      1551216636041.17,
      563633
    ],
    [
      1551216637041.171,
      553479
    ],
    [
      1551216638041.173,
      564199
    ],
    [
      1551216639041.174,
      553830
    ],
    [
      1551216640041.175,
      545339
    ],
    [
      1551216641041.176,
      69753
    ],
    [
      1551216642041.302,
      18612
    ],
    [
      1551216643272.9,
      3689
    ],
    [
      1551216644493.78,
      1
    ]
  ],
  "snd":[
    [
      1551216602041.12,
      448073
    ],
    [
      1551216603041.121,
      521768
    ],
    [
      1551216604041.122,
      550001
    ],
    [
      1551216605041.123,
      532475
    ],
    [
      1551216606041.128,
      555028
    ],
    [
      1551216607041.13,
      567926
    ],
    [
      1551216608041.131,
      564386
    ],
    [
      1551216609041.132,
      541521
    ],
    [
      1551216610041.133,
      573708
    ],
    [
      1551216611041.135,
      564597
    ],
    [
      1551216612041.136,
      504427
    ],
    [
      1551216613041.137,
      506667
    ],
    [
      1551216614041.138,
      535924
    ],
    [
      1551216615041.139,
      534421
    ],
    [
      1551216616041.146,
      534231
    ],
    [
      1551216617041.147,
      540671
    ],
    [
      1551216618041.148,
      535361
    ],
    [
      1551216619041.15,
      531719
    ],
    [
      1551216620041.151,
      529783
    ],
    [
      1551216621041.152,
      539221
    ],
    [
      1551216622041.154,
      547952
    ],
    [
      1551216623041.155,
      541891
    ],
    [
      1551216624041.156,
      539997
    ],
    [
      1551216625041.158,
      541032
    ],
    [
      1551216626041.159,
      441757
    ],
    [
      1551216627041.16,
      539500
    ],
    [
      1551216628041.161,
      534310
    ],
    [
      1551216629041.162,
      546032
    ],
    [
      1551216630041.163,
      549279
    ],
    [
      1551216631041.164,
      555604
    ],
    [
      1551216632041.165,
      564471
    ],
    [
      1551216633041.166,
      562802
    ],
    [
      1551216634041.168,
      558568
    ],
    [
      1551216635041.169,
      556364
    ],
    [
      1551216636041.17,
      563633
    ],
    [
      1551216637041.171,
      553478
    ],
    [
      1551216638041.173,
      564199
    ],
    [
      1551216639041.174,
      553831
    ],
    [
      1551216640041.175,
      545340
    ],
    [
      1551216641041.176,
      69754
    ],
    [
      1551216642041.302,
      18612
    ],
    [
      1551216643272.9,
      3689
    ],
    [
      1551216644493.78,
      1
    ]
  ]
}



./logs/server-logs/select-1000-10.log
total:
{
  "new":1000,
  "rcv":9800,
  "snd":9800
}
count:
{
  "new":[
    [
      1551213404189.188,
      725
    ],
    [
      1551213405236.085,
      275
    ]
  ],
  "rcv":[
    [
      1551213404189.188,
      7150
    ],
    [
      1551213405236.085,
      2650
    ]
  ],
  "snd":[
    [
      1551213404189.188,
      7150
    ],
    [
      1551213405236.085,
      2650
    ]
  ]
}



./logs/server-logs/select-1000-1000.log
total:
{
  "new":991,
  "rcv":980000,
  "snd":980000
}
count:
{
  "new":[
    [
      1551213517677.829,
      405
    ],
    [
      1551213518677.838,
      350
    ],
    [
      1551213519677.841,
      75
    ],
    [
      1551213520677.859,
      49
    ],
    [
      1551213522120.417,
      61
    ],
    [
      1551213525384.423,
      51
    ]
  ],
  "rcv":[
    [
      1551213517677.829,
      361786
    ],
    [
      1551213518677.838,
      335815
    ],
    [
      1551213519677.841,
      104453
    ],
    [
      1551213520677.859,
      66946
    ],
    [
      1551213522120.417,
      60000
    ],
    [
      1551213525384.423,
      51000
    ]
  ],
  "snd":[
    [
      1551213517677.829,
      361784
    ],
    [
      1551213518677.838,
      335816
    ],
    [
      1551213519677.841,
      104454
    ],
    [
      1551213520677.859,
      66946
    ],
    [
      1551213522120.417,
      60000
    ],
    [
      1551213525384.423,
      51000
    ]
  ]
}



./logs/server-logs/select-10000-10.log
total:
{
  "new":9031,
  "rcv":89375,
  "snd":89373
}
count:
{
  "new":[
    [
      1551213601196.488,
      3684
    ],
    [
      1551213602198.206,
      2602
    ],
    [
      1551213603205.977,
      756
    ],
    [
      1551213604454.435,
      935
    ],
    [
      1551213605480.601,
      427
    ],
    [
      1551213607804.335,
      231
    ],
    [
      1551213608973.999,
      301
    ],
    [
      1551213611068.342,
      95
    ]
  ],
  "rcv":[
    [
      1551213601196.488,
      36590
    ],
    [
      1551213602198.206,
      25842
    ],
    [
      1551213603205.977,
      7441
    ],
    [
      1551213604454.435,
      9211
    ],
    [
      1551213605480.601,
      4170
    ],
    [
      1551213607804.335,
      2300
    ],
    [
      1551213608973.999,
      2911
    ],
    [
      1551213611068.342,
      910
    ]
  ],
  "snd":[
    [
      1551213601196.488,
      36588
    ],
    [
      1551213602198.206,
      25842
    ],
    [
      1551213603205.977,
      7441
    ],
    [
      1551213604454.435,
      9211
    ],
    [
      1551213605480.601,
      4170
    ],
    [
      1551213607804.335,
      2300
    ],
    [
      1551213608973.999,
      2911
    ],
    [
      1551213611068.342,
      910
    ]
  ]
}



./logs/server-logs/select-10000-1000.log
total:
{
  "new":4582,
  "rcv":4570000,
  "snd":4570000
}
count:
{
  "new":[
    [
      1551213760838.423,
      802
    ],
    [
      1551213761838.424,
      377
    ],
    [
      1551213762838.425,
      168
    ],
    [
      1551213763838.426,
      517
    ],
    [
      1551213764838.427,
      285
    ],
    [
      1551213765838.428,
      20
    ],
    [
      1551213767016.655,
      283
    ],
    [
      1551213768016.657,
      560
    ],
    [
      1551213769016.658,
      170
    ],
    [
      1551213770016.671,
      199
    ],
    [
      1551213771016.672,
      121
    ],
    [
      1551213774728.966,
      119
    ],
    [
      1551213776204.353,
      435
    ],
    [
      1551213777204.355,
      183
    ],
    [
      1551213778204.362,
      29
    ],
    [
      1551213779532.129,
      131
    ],
    [
      1551213782796.07,
      112
    ],
    [
      1551213792654.129,
      71
    ]
  ],
  "rcv":[
    [
      1551213760838.423,
      377889
    ],
    [
      1551213761838.424,
      379156
    ],
    [
      1551213762838.425,
      454958
    ],
    [
      1551213763838.426,
      381068
    ],
    [
      1551213764838.427,
      443784
    ],
    [
      1551213765838.428,
      128145
    ],
    [
      1551213767016.655,
      228342
    ],
    [
      1551213768016.657,
      370548
    ],
    [
      1551213769016.658,
      342558
    ],
    [
      1551213770016.671,
      212241
    ],
    [
      1551213771016.672,
      174058
    ],
    [
      1551213772016.691,
      1253
    ],
    [
      1551213774728.966,
      119000
    ],
    [
      1551213776204.353,
      377899
    ],
    [
      1551213777204.355,
      200354
    ],
    [
      1551213778204.362,
      68747
    ],
    [
      1551213779532.129,
      129000
    ],
    [
      1551213782796.07,
      111000
    ],
    [
      1551213792654.129,
      70000
    ]
  ],
  "snd":[
    [
      1551213760838.423,
      377888
    ],
    [
      1551213761838.424,
      379157
    ],
    [
      1551213762838.425,
      454956
    ],
    [
      1551213763838.426,
      381068
    ],
    [
      1551213764838.427,
      443785
    ],
    [
      1551213765838.428,
      128146
    ],
    [
      1551213767016.655,
      228341
    ],
    [
      1551213768016.657,
      370548
    ],
    [
      1551213769016.658,
      342558
    ],
    [
      1551213770016.671,
      212241
    ],
    [
      1551213771016.672,
      174059
    ],
    [
      1551213772016.691,
      1253
    ],
    [
      1551213774728.966,
      119000
    ],
    [
      1551213776204.353,
      377897
    ],
    [
      1551213777204.355,
      200355
    ],
    [
      1551213778204.362,
      68748
    ],
    [
      1551213779532.129,
      129000
    ],
    [
      1551213782796.07,
      111000
    ],
    [
      1551213792654.129,
      70000
    ]
  ]
}



./logs/server-logs/select-30000-10.log
total:
{
  "new":22281,
  "rcv":221674,
  "snd":221673
}
count:
{
  "new":[
    [
      1551213969231.119,
      7461
    ],
    [
      1551213970231.152,
      4916
    ],
    [
      1551213971233.801,
      1207
    ],
    [
      1551213972248.43,
      3025
    ],
    [
      1551213973248.437,
      1610
    ],
    [
      1551213975688.395,
      1604
    ],
    [
      1551213976694.049,
      1167
    ],
    [
      1551213978060.041,
      515
    ],
    [
      1551213979060.062,
      316
    ],
    [
      1551213982988.038,
      139
    ],
    [
      1551213984588.242,
      272
    ],
    [
      1551213986257.893,
      19
    ],
    [
      1551213987921.868,
      15
    ],
    [
      1551213991185.884,
      15
    ]
  ],
  "rcv":[
    [
      1551213969231.119,
      74151
    ],
    [
      1551213970231.152,
      48794
    ],
    [
      1551213971233.801,
      12187
    ],
    [
      1551213972248.43,
      30234
    ],
    [
      1551213973248.437,
      16047
    ],
    [
      1551213975688.395,
      15911
    ],
    [
      1551213976694.049,
      11580
    ],
    [
      1551213978060.041,
      5036
    ],
    [
      1551213979060.062,
      3194
    ],
    [
      1551213982988.038,
      1390
    ],
    [
      1551213984588.242,
      2690
    ],
    [
      1551213986257.893,
      180
    ],
    [
      1551213987921.868,
      140
    ],
    [
      1551213991185.884,
      140
    ]
  ],
  "snd":[
    [
      1551213969231.119,
      74150
    ],
    [
      1551213970231.152,
      48794
    ],
    [
      1551213971233.801,
      12187
    ],
    [
      1551213972248.43,
      30234
    ],
    [
      1551213973248.437,
      16047
    ],
    [
      1551213975688.395,
      15911
    ],
    [
      1551213976694.049,
      11580
    ],
    [
      1551213978060.041,
      5036
    ],
    [
      1551213979060.062,
      3194
    ],
    [
      1551213982988.038,
      1390
    ],
    [
      1551213984588.242,
      2690
    ],
    [
      1551213986257.893,
      180
    ],
    [
      1551213987921.868,
      140
    ],
    [
      1551213991185.884,
      140
    ]
  ]
}



./logs/server-logs/select-30000-1000.log
total:
{
  "new":7870,
  "rcv":7859000,
  "snd":7859000
}
count:
{
  "new":[
    [
      1551214338672.356,
      983
    ],
    [
      1551214339672.357,
      152
    ],
    [
      1551214340672.358,
      12
    ],
    [
      1551214341672.399,
      1017
    ],
    [
      1551214342868.291,
      50
    ],
    [
      1551214344868.293,
      382
    ],
    [
      1551214345868.373,
      692
    ],
    [
      1551214346868.375,
      170
    ],
    [
      1551214347868.376,
      406
    ],
    [
      1551214348868.377,
      196
    ],
    [
      1551214352444.301,
      277
    ],
    [
      1551214353444.306,
      506
    ],
    [
      1551214354444.307,
      350
    ],
    [
      1551214355444.308,
      99
    ],
    [
      1551214356444.31,
      107
    ],
    [
      1551214357445.197,
      139
    ],
    [
      1551214360648.369,
      229
    ],
    [
      1551214370443.422,
      590
    ],
    [
      1551214371443.423,
      247
    ],
    [
      1551214372443.424,
      12
    ],
    [
      1551214373768.371,
      193
    ],
    [
      1551214377084.299,
      190
    ],
    [
      1551214402696.463,
      450
    ],
    [
      1551214403696.464,
      192
    ],
    [
      1551214404696.465,
      30
    ],
    [
      1551214406172.189,
      98
    ],
    [
      1551214409436.166,
      101
    ]
  ],
  "rcv":[
    [
      1551214338672.356,
      410561
    ],
    [
      1551214339672.357,
      370062
    ],
    [
      1551214340672.358,
      358787
    ],
    [
      1551214341672.399,
      286872
    ],
    [
      1551214342868.291,
      368387
    ],
    [
      1551214343868.292,
      406301
    ],
    [
      1551214344868.293,
      234369
    ],
    [
      1551214345868.373,
      384723
    ],
    [
      1551214346868.375,
      456320
    ],
    [
      1551214347868.376,
      339049
    ],
    [
      1551214348868.377,
      409834
    ],
    [
      1551214349868.405,
      32735
    ],
    [
      1551214352444.301,
      273655
    ],
    [
      1551214353444.306,
      125612
    ],
    [
      1551214354444.307,
      411178
    ],
    [
      1551214355444.308,
      380800
    ],
    [
      1551214356444.31,
      54046
    ],
    [
      1551214357445.197,
      230709
    ],
    [
      1551214360648.369,
      226871
    ],
    [
      1551214361648.372,
      129
    ],
    [
      1551214370443.422,
      397001
    ],
    [
      1551214371443.423,
      356299
    ],
    [
      1551214372443.424,
      95700
    ],
    [
      1551214373768.371,
      192000
    ],
    [
      1551214377084.299,
      189000
    ],
    [
      1551214402696.463,
      387814
    ],
    [
      1551214403696.464,
      202981
    ],
    [
      1551214404696.465,
      79205
    ],
    [
      1551214406172.189,
      97000
    ],
    [
      1551214409436.166,
      101000
    ]
  ],
  "snd":[
    [
      1551214338672.356,
      410559
    ],
    [
      1551214339672.357,
      370064
    ],
    [
      1551214340672.358,
      358787
    ],
    [
      1551214341672.399,
      286872
    ],
    [
      1551214342868.291,
      368386
    ],
    [
      1551214343868.292,
      406301
    ],
    [
      1551214344868.293,
      234369
    ],
    [
      1551214345868.373,
      384723
    ],
    [
      1551214346868.375,
      456319
    ],
    [
      1551214347868.376,
      339050
    ],
    [
      1551214348868.377,
      409835
    ],
    [
      1551214349868.405,
      32735
    ],
    [
      1551214352444.301,
      273655
    ],
    [
      1551214353444.306,
      125611
    ],
    [
      1551214354444.307,
      411178
    ],
    [
      1551214355444.308,
      380801
    ],
    [
      1551214356444.31,
      54045
    ],
    [
      1551214357445.197,
      230710
    ],
    [
      1551214360648.369,
      226870
    ],
    [
      1551214361648.372,
      130
    ],
    [
      1551214370443.422,
      397000
    ],
    [
      1551214371443.423,
      356300
    ],
    [
      1551214372443.424,
      95700
    ],
    [
      1551214373768.371,
      192000
    ],
    [
      1551214377084.299,
      189000
    ],
    [
      1551214402696.463,
      387814
    ],
    [
      1551214403696.464,
      202978
    ],
    [
      1551214404696.465,
      79208
    ],
    [
      1551214406172.189,
      97000
    ],
    [
      1551214409436.166,
      101000
    ]
  ]
}



