(
    {
        'new': 4016,
        'snd-data': 401600000,
        'rcv': 4016000,
        'snd': 4016000,
        'rcv-data': 401600000
    },
    {
        'new': [
            (1550979808119.049, 762),
            (1550979809119.053, 258),
            (1550979810119.055, 170),
            (1550979811119.085, 368),
            (1550979812119.088, 366),
            (1550979813119.09, 9),
            (1550979814119.205, 289),
            (1550979815119.207, 472),
            (1550979816119.208, 154),
            (1550979817119.216, 185),
            (1550979818119.217, 136),
            (1550979819119.232, 0),
            (1550979821855.469, 115),
            (1550979822855.642, 150),
            (1550979823855.649, 136),
            (1550979824855.711, 69),
            (1550979825855.759, 0),
            (1550979826975.665, 57),
            (1550979830239.737, 48),
            (1550979840031.958, 198),
            (1550979841031.968, 38),
            (1550979842031.975, 0),
            (1550979843361.481, 22),
            (1550979846625.422, 14)
        ],
        'snd-data': [
            (1550979808119.049, 37358000),
            (1550979809119.053, 27611600),
            (1550979810119.055, 32067700),
            (1550979811119.085, 38872000),
            (1550979812119.088, 40191400),
            (1550979813119.09, 17092500),
            (1550979814119.205, 17919600),
            (1550979815119.207, 34585300),
            (1550979816119.208, 31212400),
            (1550979817119.216, 16852400),
            (1550979818119.217, 20912200),
            (1550979819119.232, 2224900),
            (1550979821855.469, 11393800),
            (1550979822855.642, 6079100),
            (1550979823855.649, 20960000),
            (1550979824855.711, 8103000),
            (1550979825855.759, 464100),
            (1550979826975.665, 5700000),
            (1550979830239.737, 4800000),
            (1550979840031.958, 18198300),
            (1550979841031.968, 4882500),
            (1550979842031.975, 519200),
            (1550979843361.481, 2200000),
            (1550979846625.422, 1400000)
        ],
        'rcv': [
            (1550979808119.049, 373581),
            (1550979809119.053, 276118),
            (1550979810119.055, 320674),
            (1550979811119.085, 388721),
            (1550979812119.088, 401914),
            (1550979813119.09, 170924),
            (1550979814119.205, 179198),
            (1550979815119.207, 345853),
            (1550979816119.208, 312123),
            (1550979817119.216, 168524),
            (1550979818119.217, 209121),
            (1550979819119.232, 22249),
            (1550979821855.469, 113938),
            (1550979822855.642, 60791),
            (1550979823855.649, 209600),
            (1550979824855.711, 81030),
            (1550979825855.759, 4641),
            (1550979826975.665, 57000),
            (1550979830239.737, 48000),
            (1550979840031.958, 181983),
            (1550979841031.968, 48826),
            (1550979842031.975, 5191),
            (1550979843361.481, 22000),
            (1550979846625.422, 14000)
        ],
        'snd': [
            (1550979808119.049, 373580),
            (1550979809119.053, 276116),
            (1550979810119.055, 320677),
            (1550979811119.085, 388720),
            (1550979812119.088, 401914),
            (1550979813119.09, 170925),
            (1550979814119.205, 179196),
            (1550979815119.207, 345853),
            (1550979816119.208, 312124),
            (1550979817119.216, 168524),
            (1550979818119.217, 209122),
            (1550979819119.232, 22249),
            (1550979821855.469, 113938),
            (1550979822855.642, 60791),
            (1550979823855.649, 209600),
            (1550979824855.711, 81030),
            (1550979825855.759, 4641),
            (1550979826975.665, 57000),
            (1550979830239.737, 48000),
            (1550979840031.958, 181983),
            (1550979841031.968, 48825),
            (1550979842031.975, 5192),
            (1550979843361.481, 22000),
            (1550979846625.422, 14000)
        ],
        'rcv-data': [
            (1550979808119.049, 37358100),
            (1550979809119.053, 27611800),
            (1550979810119.055, 32067400),
            (1550979811119.085, 38872100),
            (1550979812119.088, 40191400),
            (1550979813119.09, 17092400),
            (1550979814119.205, 17919800),
            (1550979815119.207, 34585300),
            (1550979816119.208, 31212300),
            (1550979817119.216, 16852400),
            (1550979818119.217, 20912100),
            (1550979819119.232, 2224900),
            (1550979821855.469, 11393800),
            (1550979822855.642, 6079100),
            (1550979823855.649, 20960000),
            (1550979824855.711, 8103000),
            (1550979825855.759, 464100),
            (1550979826975.665, 5700000),
            (1550979830239.737, 4800000),
            (1550979840031.958, 18198300),
            (1550979841031.968, 4882600),
            (1550979842031.975, 519100),
            (1550979843361.481, 2200000),
            (1550979846625.422, 1400000)
        ]
    }
)