(
    {
        'new': 9394,
        'rcv': 93525,
        'snd': 93523,
        'snd-data': 9352300,
        'rcv-data': 9352500
    },
    {
        'new': [
            (1550978721782.797, 3599),
            (1550978722847.165, 3112),
            (1550978723909.012, 634),
            (1550978724909.018, 944),
            (1550978725957.038, 443),
            (1550978728286.956, 289),
            (1550978729438.73, 285),
            (1550978731550.907, 88)
            ],
        'rcv': [
            (1550978721782.797, 35702),
            (1550978722847.165, 31004),
            (1550978723909.012, 5390),
            (1550978724909.018, 10395),
            (1550978725957.038, 4422),
            (1550978728286.956, 2901),
            (1550978729438.73, 2831),
            (1550978731550.907, 880)
        ],
        'snd': [
            (1550978721782.797, 35700),
            (1550978722847.165, 31004),
            (1550978723909.012, 5390),
            (1550978724909.018, 10395),
            (1550978725957.038, 4422),
            (1550978728286.956, 2901),
            (1550978729438.73, 2831),
            (1550978731550.907, 880)
        ],
        'snd-data': [
            (1550978721782.797, 3570000),
            (1550978722847.165, 3100400),
            (1550978723909.012, 539000),
            (1550978724909.018, 1039500),
            (1550978725957.038, 442200),
            (1550978728286.956, 290100),
            (1550978729438.73, 283100),
            (1550978731550.907, 88000)
        ],
        'rcv-data': [
            (1550978721782.797, 3570200),
            (1550978722847.165, 3100400),
            (1550978723909.012, 539000),
            (1550978724909.018, 1039500),
            (1550978725957.038, 442200),
            (1550978728286.956, 290100),
            (1550978729438.73, 283100),
            (1550978731550.907, 88000)
        ]
    }
)