(
    {
        'rcv-data': 97400000,
        'snd-data': 97400000,
        'rcv': 974000,
        'new': 974,
        'snd': 974000
    },
    {
        'rcv-data': [
            (1550979729224.232, 32430600),
            (1550979730224.235, 34093300),
            (1550979731224.241, 13740800),
            (1550979732224.242, 5635300),
            (1550979733727.641, 6600000),
            (1550979736993.51, 4900000)
        ],
        'snd-data': [
            (1550979729224.232, 32430500),
            (1550979730224.235, 34093400),
            (1550979731224.241, 13740700),
            (1550979732224.242, 5635400),
            (1550979733727.641, 6600000),
            (1550979736993.51, 4900000)
        ],
        'rcv': [
            (1550979729224.232, 324306),
            (1550979730224.235, 340933),
            (1550979731224.241, 137408),
            (1550979732224.242, 56353),
            (1550979733727.641, 66000),
            (1550979736993.51, 49000)
        ],
        'new': [
            (1550979729224.232, 375),
            (1550979730224.235, 342),
            (1550979731224.241, 135),
            (1550979732224.242, 7),
            (1550979733727.641, 66),
            (1550979736993.51, 49)
        ],
        'snd': [
            (1550979729224.232, 324305),
            (1550979730224.235, 340934),
            (1550979731224.241, 137407),
            (1550979732224.242, 56354),
            (1550979733727.641, 66000),
            (1550979736993.51, 49000)
        ]
    }
)