(
    {
        'snd-data': 691200000,
        'snd': 6912000,
        'new': 7395,
        'rcv-data': 691200000
        'rcv': 6912000,
    },
    {
        'snd-data': [
            (1550980399940.196, 43618600),
            (1550980400940.197, 33484300),
            (1550980401940.198, 35778200),
            (1550980402989.606, 38361600),
            (1550980403989.608, 40692500),
            (1550980404989.61, 38217700),
            (1550980405989.638, 28351400),
            (1550980406989.639, 23682300),
            (1550980407989.643, 30919000),
            (1550980408989.644, 36306500),
            (1550980409989.645, 32882600),
            (1550980410989.646, 2305300),
            (1550980413631.066, 22944300),
            (1550980414631.193, 4571300),
            (1550980415631.194, 30055900),
            (1550980416631.196, 39296700),
            (1550980417631.198, 3245800),
            (1550980418631.2, 20168600),
            (1550980419631.305, 317400),
            (1550980421838.023, 21642800),
            (1550980422838.113, 557200),
            (1550980431659.609, 34777600),
            (1550980432659.642, 28387700),
            (1550980433659.644, 7434700),
            (1550980434986.456, 13358800),
            (1550980435986.523, 141200),
            (1550980438250.497, 16500700),
            (1550980439250.611, 199300),
            (1550980464060.334, 25624700),
            (1550980465060.335, 13807000),
            (1550980466060.337, 2368300),
            (1550980467455.008, 9600000),
            (1550980470719.11, 11569200),
            (1550980471719.226, 30800)
        ],
        'new': [
            (1550980399940.196, 990),
            (1550980400940.197, 772),
            (1550980401940.198, 124),
            (1550980402989.606, 641),
            (1550980403989.608, 270),
            (1550980404989.61, 0),
            (1550980405989.638, 448),
            (1550980406989.639, 493),
            (1550980407989.643, 121),
            (1550980408989.644, 264),
            (1550980409989.645, 206),
            (1550980410989.646, 0),
            (1550980413631.066, 233),
            (1550980414631.193, 431),
            (1550980415631.194, 229),
            (1550980416631.196, 100),
            (1550980417631.198, 59),
            (1550980418631.2, 154),
            (1550980419631.305, 0),
            (1550980421838.023, 222),
            (1550980422838.113, 0),
            (1550980431659.609, 505),
            (1550980432659.642, 201),
            (1550980433659.644, 0),
            (1550980434986.456, 135),
            (1550980435986.523, 0),
            (1550980438250.497, 167),
            (1550980439250.611, 0),
            (1550980464060.334, 327),
            (1550980465060.335, 91),
            (1550980466060.337, 0),
            (1550980467455.008, 96),
            (1550980470719.11, 116),
            (1550980471719.226, 0)
        ],
        'snd': [
            (1550980399940.196, 436186),
            (1550980400940.197, 334843),
            (1550980401940.198, 357782),
            (1550980402989.606, 383616),
            (1550980403989.608, 406925),
            (1550980404989.61, 382177),
            (1550980405989.638, 283514),
            (1550980406989.639, 236823),
            (1550980407989.643, 309190),
            (1550980408989.644, 363065),
            (1550980409989.645, 328826),
            (1550980410989.646, 23053),
            (1550980413631.066, 229443),
            (1550980414631.193, 45713),
            (1550980415631.194, 300559),
            (1550980416631.196, 392967),
            (1550980417631.198, 32458),
            (1550980418631.2, 201686),
            (1550980419631.305, 3174),
            (1550980421838.023, 216428),
            (1550980422838.113, 5572),
            (1550980431659.609, 347776),
            (1550980432659.642, 283877),
            (1550980433659.644, 74347),
            (1550980434986.456, 133588),
            (1550980435986.523, 1412),
            (1550980438250.497, 165007),
            (1550980439250.611, 1993),
            (1550980464060.334, 256247),
            (1550980465060.335, 138070),
            (1550980466060.337, 23683),
            (1550980467455.008, 96000),
            (1550980470719.11, 115692),
            (1550980471719.226, 308)
            ],
        'rcv-data': [
            (1550980399940.196, 43618700),
            (1550980400940.197, 33484300),
            (1550980401940.198, 35778100),
            (1550980402989.606, 38361800),
            (1550980403989.608, 40692400),
            (1550980404989.61, 38217600),
            (1550980405989.638, 28351500),
            (1550980406989.639, 23682500),
            (1550980407989.643, 30918700),
            (1550980408989.644, 36306500),
            (1550980409989.645, 32882600),
            (1550980410989.646, 2305300),
            (1550980413631.066, 22944300),
            (1550980414631.193, 4571300),
            (1550980415631.194, 30056000),
            (1550980416631.196, 39296700),
            (1550980417631.198, 3245900),
            (1550980418631.2, 20168400),
            (1550980419631.305, 317400),
            (1550980421838.023, 21642800),
            (1550980422838.113, 557200),
            (1550980431659.609, 34777700),
            (1550980432659.642, 28387700),
            (1550980433659.644, 7434600),
            (1550980434986.456, 13358800),
            (1550980435986.523, 141200),
            (1550980438250.497, 16500700),
            (1550980439250.611, 199300),
            (1550980464060.334, 25624900),
            (1550980465060.335, 13806800),
            (1550980466060.337, 2368300),
            (1550980467455.008, 9600000),
            (1550980470719.11, 11569200),
            (1550980471719.226, 30800)
        ],
        'rcv': [
            (1550980399940.196, 436187),
            (1550980400940.197, 334843),
            (1550980401940.198, 357781),
            (1550980402989.606, 383618),
            (1550980403989.608, 406924),
            (1550980404989.61, 382176),
            (1550980405989.638, 283515),
            (1550980406989.639, 236825),
            (1550980407989.643, 309187),
            (1550980408989.644, 363065),
            (1550980409989.645, 328826),
            (1550980410989.646, 23053),
            (1550980413631.066, 229443),
            (1550980414631.193, 45713),
            (1550980415631.194, 300560),
            (1550980416631.196, 392967),
            (1550980417631.198, 32459),
            (1550980418631.2, 201684),
            (1550980419631.305, 3174),
            (1550980421838.023, 216428),
            (1550980422838.113, 5572),
            (1550980431659.609, 347777),
            (1550980432659.642, 283877),
            (1550980433659.644, 74346),
            (1550980434986.456, 133588),
            (1550980435986.523, 1412),
            (1550980438250.497, 165007),
            (1550980439250.611, 1993),
            (1550980464060.334, 256249),
            (1550980465060.335, 138068),
            (1550980466060.337, 23683),
            (1550980467455.008, 96000),
            (1550980470719.11, 115692),
            (1550980471719.226, 308)
        ]
    }
)