(
    {
        'rcv-data': 24019000,
        'snd-data': 24019000,
        'rcv': 240190,
        'new': 24078,
        'snd': 240190
    },
    {
        'rcv-data': [
            (1550979229698.736, 7273300),
            (1550979230698.803, 5093500),
            (1550979231698.81, 1762200),
            (1550979232700.003, 3409000),
            (1550979233805.632, 2074300),
            (1550979234815.274, 49700),
            (1550979236309.657, 1658100),
            (1550979237309.685, 1466100),
            (1550979238687.311, 551000),
            (1550979239687.395, 365500),
            (1550979243615.276, 123800),
            (1550979245087.479, 172300),
            (1550979246817.182, 13200),
            (1550979248545.192, 7000)
        ],
        'snd-data': [
            (1550979229698.736, 7273300),
            (1550979230698.803, 5093500),
            (1550979231698.81, 1762200),
            (1550979232700.003, 3409000),
            (1550979233805.632, 2074300),
            (1550979234815.274, 49700),
            (1550979236309.657, 1658100),
            (1550979237309.685, 1466100),
            (1550979238687.311, 551000),
            (1550979239687.395, 365500),
            (1550979243615.276, 123800),
            (1550979245087.479, 172300),
            (1550979246817.182, 13200),
            (1550979248545.192, 7000)
        ],
        'rcv': [
            (1550979229698.736, 72733),
            (1550979230698.803, 50935),
            (1550979231698.81, 17622),
            (1550979232700.003, 34090),
            (1550979233805.632, 20743),
            (1550979234815.274, 497),
            (1550979236309.657, 16581),
            (1550979237309.685, 14661),
            (1550979238687.311, 5510),
            (1550979239687.395, 3655),
            (1550979243615.276, 1238),
            (1550979245087.479, 1723),
            (1550979246817.182, 132),
            (1550979248545.192, 70)
        ],
        'new': [
            (1550979229698.736, 7306),
            (1550979230698.803, 5101),
            (1550979231698.81, 1784),
            (1550979232700.003, 3417),
            (1550979233805.632, 2107),
            (1550979234815.274, 9),
            (1550979236309.657, 1664),
            (1550979237309.685, 1464),
            (1550979238687.311, 550),
            (1550979239687.395, 359),
            (1550979243615.276, 123),
            (1550979245087.479, 174),
            (1550979246817.182, 13),
            (1550979248545.192, 7)
        ],
        'snd': [
            (1550979229698.736, 72733),
            (1550979230698.803, 50935),
            (1550979231698.81, 17622),
            (1550979232700.003, 34090),
            (1550979233805.632, 20743),
            (1550979234815.274, 497),
            (1550979236309.657, 16581),
            (1550979237309.685, 14661),
            (1550979238687.311, 5510),
            (1550979239687.395, 3655),
            (1550979243615.276, 1238),
            (1550979245087.479, 1723),
            (1550979246817.182, 132),
            (1550979248545.192, 70)
        ]
    }
)